right hand

[[-0.07593909 -0.63665949  0.76739686 -0.14369558]
 [-0.99708242  0.04251247 -0.06339819  0.36884574]
 [ 0.00773913 -0.76997232 -0.63803035  0.43480743]
 [ 0.          0.          0.          1.        ]]
quat:  [-0.61635598  0.66266166 -0.31440272  0.28659336]
trans:  [-0.14369558  0.36884574  0.43480743]
Average reprojection error: 0.002352667051690997

[[-0.07593909 -0.63665949  0.76739686 -0.14369558]
 [-0.99708242  0.04251247 -0.06339819  0.36884574]
 [ 0.00773913 -0.76997232 -0.63803035  0.43480743]
 [ 0.          0.          0.          1.        ]]
quat:  [-0.61635598  0.66266166 -0.31440272  0.28659336]
trans:  [-0.14369558  0.36884574  0.43480743]
Average reprojection error: 0.002352667051690997

Transformation matrix T:
[[-0.07729592 -0.63743514  0.76661711 -0.14152289]
 [-0.99688153  0.0371564  -0.06961765  0.37176491]
 [ 0.01589201 -0.76960759 -0.63831935  0.43574082]
 [ 0.          0.          0.          1.        ]]
quat:  [-0.61722505  0.66196142 -0.31694644  0.28352298]
trans:  [-0.14152289  0.37176491  0.43574082]
Average reprojection error: 0.0021242664927055024

Transformation matrix T:
[[-0.07562395 -0.64557049  0.75994721 -0.1392364 ]
 [-0.99707425  0.04044811 -0.06486054  0.36892401]
 [ 0.01113362 -0.7626288  -0.64674056  0.4403681 ]
 [ 0.          0.          0.          1.        ]]
quat:  [-0.61860094  0.66385477 -0.31162288  0.2819945 ]
trans:  [-0.1392364   0.36892401  0.4403681 ]
Average reprojection error: 0.0022003119483217847




left hand
Transformation matrix T:
[[-0.06480569 -0.65056758  0.7566783  -0.1393031 ]
 [-0.99758589  0.0232756  -0.0654266  -0.2691403 ]
 [ 0.02495229 -0.75909161 -0.65050543  0.43911375]
 [ 0.          0.          0.          1.        ]]
quat:  [-0.62498483  0.65927739 -0.31265982  0.27747274]
trans:  [-0.1393031  -0.2691403   0.43911375]
Average reprojection error: 0.002310593012537346

Transformation matrix T:
[[-0.06622422 -0.65173357  0.75555126 -0.13867876]
 [-0.99748949  0.02420818 -0.06654835 -0.26854843]
 [ 0.02508127 -0.75806155 -0.65170055  0.44020913]
 [ 0.          0.          0.          1.        ]]
quat:  [-0.62475358  0.65994942 -0.31237617  0.27671438]
trans:  [-0.13867876 -0.26854843  0.44020913]
Average reprojection error: 0.0032826030752727666

Transformation matrix T:
[[-0.06617278 -0.65600729  0.75184812 -0.13727129]
 [-0.99742031  0.02248064 -0.06817149 -0.26738423]
 [ 0.02781896 -0.75441968 -0.6558026   0.44125573]
 [ 0.          0.          0.          1.        ]]
quat:  [-0.62592915  0.66038928 -0.31140389  0.2740918 ]
trans:  [-0.13727129 -0.26738423  0.44125573]
Average reprojection error: 0.0031962361323223483


