# new
Transformation matrix T:
[[-0.0484931  -0.64201839  0.7651541  -0.13736672]
 [-0.99881302  0.0276576  -0.040095    0.36603172]
 [ 0.0045794  -0.76619021 -0.64259753  0.4387307 ]
 [ 0.          0.          0.          1.        ]]
quat:  [-0.62578887  0.65550519 -0.30750527  0.29007196]
trans:  [-0.13736672  0.36603172  0.4387307 ]

# old
Transformation matrix T:
[[-0.0753853  -0.63815259  0.76621037 -0.13492956]
 [-0.99705817  0.0375604  -0.06681489  0.37511201]
 [ 0.01385893 -0.76899317 -0.63910675  0.43643044]
 [ 0.          0.          0.          1.        ]]
quat:  [-0.61768946  0.66182559 -0.31572066  0.28419551]
trans:  [-0.13492956  0.37511201  0.43643044]

# old 50 - 200
[[-0.06150302 -0.65439308  0.75364917 -0.13260691]
 [-0.99810392  0.04216878 -0.04483711  0.36792967]
 [-0.00243937 -0.75497781 -0.65574581  0.44547866]
 [ 0.          0.          0.          1.        ]]
quat:  [-0.62291131  0.6632152  -0.30149148  0.28500875]
trans:  [-0.13260691  0.36792967  0.44547866]

[[-0.04785533 -0.63980498  0.76704593 -0.13916262]
 [-0.99884408  0.02718364 -0.03964272  0.36635834]
 [ 0.00451251 -0.7680564  -0.6403663   0.43920687]
 [ 0.          0.          0.          1.        ]]
quat:  [-0.62556521  0.6548674  -0.30834453  0.29110222]
trans:  [-0.13916262  0.36635834  0.43920687]

